17
#n	F1	F2	F3	F4	F5	F6	F7	F8	F9	F10	F11	F12	F13	F14	F15	F17	F18	
52	25	0	0	3	1	0	25	326	150	16.66666667	0.576923077	135	14	1	0	0	C1
135	108	0	0	115	0	0	108	1872	419	25.77565632	0.222222222	0	19	0	0	0	C1
108	70	0	0	19	0	4	66	1045	496	14.11290323	0.277777778	17	19	0	0	1	C1
123	4	0	2	16	1	0	4	519	378	1.058201058	0.243902439	190	23	1	0	0	C2
77	30	0	0	0	0	0	30	416	236	12.71186441	0.38961039	116	24	1	0	0	C2
144	24	0	20	18	0	5	19	626	361	6.648199446	0.208333333	15	11	0	0	0	C1
75	10	0	20	20	1	0	10	398	193	5.18134715	0.4	0	23	0	0	0	C2
150	12	0	8	152	0	0	12	1600	464	2.586206897	0.2	21	50	2	0	0	C4
82	3	0	0	0	0	3	0	207	192	1.5625	0.365853659	93	50	2	0	1	C4
30	29	0	0	0	0	0	29	318	144	20.13888889	1	64	50	2	0	1	C4
11	2	0	0	0	0	0	2	53	41	4.87804878	2.727272727	148	24	0	0	1	C2
102	45	8	0	2	1	6	39	939	656	6.859756098	0.294117647	200	37	0	0	0	C4
82	10	0	0	0	0	0	10	313	253	3.95256917	0.365853659	286	28	1	0	1	C3
103	14	0	13	5	0	1	13	523	405	3.456790123	0.291262136	111	20	0	0	0	C2
61	25	0	12	1	0	1	24	376	220	11.36363636	0.491803279	157	18	1	0	0	C1
66	8	0	0	0	0	0	8	256	208	3.846153846	0.454545455	286	24	1	0	1	C2
113	60	0	4	1	0	1	59	778	412	14.5631068	0.265486726	111	20	0	0	0	C2
17	10	0	2	1	1	0	10	170	98	10.20408163	1.764705882	125	18	0	0	1	C1
103	33	0	0	0	0	0	33	568	370	8.918918919	0.291262136	107	19	1	0	1	C1
107	1	0	0	8	0	0	1	377	315	0.317460317	0.280373832	107	19	1	0	1	C1
238	9	0	4	0	0	0	4	544	520	1.730769231	0.12605042	178	22	1	0	0	C2
32	7	0	0	3	0	0	7	208	145	4.827586207	0.9375	52	25	0	0	1	C3
91	6	0	0	3	0	4	2	305	252	2.380952381	0.32967033	0	31	0	0	0	C4
162	12	0	0	11	2	0	12	628	469	2.558635394	0.185185185	139	21	1	0	0	C2
39	11	0	0	2	0	0	11	193	113	9.734513274	0.769230769	0	32	1	0	1	C4
92	87	0	0	212	10	0	87	2551	495	17.57575758	0.326086957	238	19	0	0	0	C1
51	8	0	0	142	0	0	8	1237	195	4.102564103	0.588235294	205	22	1	0	1	C2
105	77	0	0	29	4	25	52	1114	454	16.96035242	0.285714286	82	17	1	0	0	C1
163	4	0	5	43	1	0	4	832	502	0.796812749	0.18404908	47	23	3	0	0	C2
22	12	0	0	0	0	1	11	137	66	18.18181818	1.363636364	47	16	3	0	0	C1
109	63	0	0	27	1	0	63	990	418	15.07177033	0.275229358	398	22	1	0	0	C2
120	111	0	0	24	0	0	111	1353	519	21.38728324	0.25	374	22	1	0	0	C2
126	94	0	0	0	0	87	7	787	310	30.32258065	0.238095238	0	21	3	0	0	C2
64	46	0	0	9	3	0	46	742	388	11.8556701	0.46875	0	18	0	0	0	C1
40	14	0	0	72	0	0	14	767	179	7.82122905	0.75	38	28	3	0	0	C3
131	16	0	0	14	2	0	16	687	483	3.3126294	0.229007634	0	23	0	0	0	C2
126	32	0	0	15	1	0	32	862	560	5.714285714	0.238095238	38	30	3	0	0	C4
95	85	12	0	1	0	0	85	856	339	25.07374631	0.315789474	38	30	3	0	0	C4
67	3	0	0	0	0	0	3	191	173	1.734104046	0.447761194	45	27	0	0	0	C3
24	2	0	0	2	0	0	2	112	86	2.325581395	1.25	40	20	0	0	0	C2
81	34	0	0	42	16	0	34	907	329	10.3343465	0.37037037	37	20	1	0	0	C2
117	52	0	3	65	0	11	41	1082	326	15.95092025	0.256410256	129	22	3	0	0	C2
121	6	0	0	0	0	1	5	461	426	1.408450704	0.247933884	0	16	0	0	1	C1
201	30	0	0	61	3	2	28	1231	611	4.909983633	0.149253731	104	40	3	0	0	C4
127	27	0	0	10	0	3	24	663	434	6.221198157	0.236220472	0	16	0	0	1	C1
117	28	0	0	2	2	0	28	555	363	7.713498623	0.256410256	11	14	3	0	0	C1
179	126	42	0	87	0	93	33	1849	577	21.83708839	0.167597765	129	37	3	0	0	C4
112	21	0	0	50	5	3	18	863	365	5.753424658	0.267857143	86	13	0	0	0	C1
22	0	0	1	0	0	0	0	50	50	0	1.363636364	15	12	3	0	0	C1
70	13	0	0	0	0	0	13	286	208	6.25	0.428571429	188	18	0	0	0	C1
85	18	0	0	2	1	0	18	425	298	6.040268456	0.352941176	136	20	3	0	0	C2
101	0	0	0	0	0	0	0	228	228	0	0.297029703	0	10	1	0	0	C1
33	2	0	0	0	0	0	0	64	64	3.125	0.909090909	0	10	1	0	0	C1
118	62	0	0	26	0	0	62	886	332	18.6746988	0.254237288	0	18	0	0	0	C1
15	4	0	0	0	0	3	1	77	56	7.142857143	2	252	25	1	0	0	C3
44	4	0	0	0	0	1	3	367	344	1.162790698	0.681818182	327	19	1	0	0	C1
132	23	0	0	0	0	0	47	650	368	6.25	0.227272727	327	19	1	0	0	C1
110	38	0	0	9	5	0	38	718	402	9.452736318	0.272727273	144	20	0	0	0	C2
136	15	0	14	9	0	1	14	472	320	4.6875	0.220588235	327	19	1	0	0	C1
74	49	0	0	21	0	18	31	689	266	18.42105263	0.405405405	158	27	0	0	1	C3
103	2	0	0	0	0	0	2	273	261	0.766283525	0.291262136	11	27	0	0	0	C3
32	3	0	0	0	0	0	3	98	80	3.75	0.9375	48	27	0	0	0	C3
49	24	0	0	0	0	0	24	482	338	7.100591716	0.612244898	47	16	1	0	0	C1
10	7	0	0	35	0	0	7	331	44	15.90909091	3	39	26	0	0	0	C3
103	34	0	8	242	0	0	34	2310	412	8.252427184	0.291262136	39	26	0	0	0	C3
67	2	0	1	0	0	1	1	171	160	1.25	0.447761194	142	50	0	0	0	C4
21	3	0	0	37	0	1	2	350	74	4.054054054	1.428571429	307	26	1	0	0	C3
75	4	0	0	7	0	0	4	308	235	1.70212766	0.4	55	21	0	0	1	C2
35	3	0	0	2	0	0	3	140	108	2.777777778	0.857142857	195	22	0	0	1	C2
95	26	0	0	50	0	2	24	827	323	8.049535604	0.315789474	176	27	1	0	1	C3
166	1	0	0	1	1	1	0	446	429	0.233100233	0.180722892	0	18	1	0	1	C1
124	7	0	0	14	0	0	7	470	330	2.121212121	0.241935484	0	18	1	0	1	C1
209	56	0	0	16	0	1	55	1165	718	7.799442897	0.14354067	0	18	1	0	1	C1
206	52	0	0	205	1	0	52	2546	794	6.549118388	0.145631068	0	22	1	0	1	C2
148	33	0	9	3	2	2	31	658	431	7.656612529	0.202702703	0	2	2	0	0	C1
42	23	0	0	0	1	0	23	254	111	20.72072072	0.714285714	86	14	0	0	0	C1
93	42	0	0	207	0	0	42	2065	364	11.53846154	0.322580645	86	14	0	0	0	C1
76	47	1	16	0	0	2	45	616	336	13.98809524	0.394736842	39	23	0	0	0	C2
157	40	0	0	8	1	0	40	968	667	5.997001499	0.191082803	130	25	0	0	1	C3
50	8	0	0	0	0	0	8	204	156	5.128205128	0.6	135	15	1	0	0	C1
41	7	0	0	0	1	0	7	211	164	4.268292683	0.731707317	55	16	1	0	0	C1
82	48	0	0	0	0	0	48	586	298	16.10738255	0.365853659	2	26	1	0	1	C3
146	549	0	0	31	0	9	540	3978	476	115.3361345	0.205479452	68	29	1	0	1	C3
155	272	0	20	1	1	1	271	2539	896	30.35714286	0.193548387	0	14	0	0	0	C1
76	22	0	0	49	0	0	22	774	299	7.357859532	0.394736842	87	16	1	0	1	C1
61	41	0	0	38	0	23	18	746	257	15.95330739	0.491803279	90	19	1	0	0	C1
102	108	0	0	104	2	80	28	1682	376	28.72340426	0.294117647	87	16	1	0	1	C1
82	9	0	0	26	4	0	9	626	370	2.432432432	0.365853659	68	26	0	0	0	C3
142	62	0	0	11	1	3	59	1024	573	10.82024433	0.211267606	0	25	0	0	0	C3
71	17	0	0	0	0	0	17	338	236	7.203389831	0.422535211	88	19	1	0	0	C1
74	49	0	0	21	0	18	31	689	266	18.42105263	0.405405405	158	27	0	0	1	C3
103	2	0	0	0	0	0	2	273	261	0.766283525	0.291262136	11	27	0	0	0	C3
32	3	0	0	0	0	0	3	98	80	3.75	0.9375	48	24	0	0	0	C2
67	2	0	1	0	0	1	1	171	160	1.25	0.447761194	142	50	0	0	0	C4
21	3	0	0	37	0	1	2	350	74	4.054054054	1.428571429	307	26	1	0	0	C3
75	4	0	0	7	0	0	4	308	235	1.70212766	0.4	42	21	0	0	1	C2
35	3	0	0	2	0	0	3	140	108	2.777777778	0.857142857	195	22	0	0	1	C2
54	38	0	13	0	0	0	38	416	188	20.21276596	0.555555556	176	27	1	0	1	C3
95	26	0	0	50	0	2	24	827	323	8.049535604	0.315789474	0	18	1	0	1	C1
188	66	0	0	104	0	0	66	1809	685	9.635036496	0.159574468	0	22	1	0	1	C2
22	10	0	0	585	0	0	10	4255	100	10	1.363636364	33	29	1	0	0	C3
34	30	0	0	0	0	0	30	271	91	32.96703297	0.882352941	96	15	1	0	1	C1
152	246	11	0	0	0	85	161	1917	526	46.76806084	0.197368421	39	30	0	0	0	C4
58	2	0	0	90	1	2	0	852	207	0.966183575	0.517241379	97	17	0	0	1	C1
121	24	0	0	3	0	5	19	527	367	6.539509537	0.247933884	52	25	0	0	1	C3
36	9	0	2	18	0	0	9	319	139	6.474820144	0.833333333	79	31	0	0	0	C4
69	6	0	0	14	0	6	0	342	214	2.803738318	0.434782609	79	31	0	0	0	C4
67	55	0	0	13	0	0	55	609	188	29.25531915	0.447761194	25	21	1	0	1	C2
86	21	0	0	1	1	0	21	368	230	9.130434783	0.348837209	25	21	1	0	1	C2
52	1	0	0	9	0	0	1	225	156	0.641025641	0.576923077	25	21	1	0	1	C2
92	29	0	0	22	1	4	25	614	285	10.1754386	0.326086957	71	29	0	0	0	C3
62	8	0	0	0	0	0	8	230	182	4.395604396	0.483870968	157	14	1	0	0	C1
46	4	0	0	5	0	0	4	243	184	2.173913043	0.652173913	764	22	1	0	0	C2
41	15	0	0	1	0	0	15	228	131	11.45038168	0.731707317	573	20	0	0	1	C2
52	8	0	0	1	0	0	8	183	128	6.25	0.576923077	548	20	0	0	1	C2
45	1	0	0	0	0	1	0	121	116	0.862068966	0.666666667	64	32	0	0	0	C4
75	3	0	0	0	1	0	3	268	245	1.224489796	0.4	548	20	0	0	1	C2
56	2	1	8	0	1	0	2	164	147	1.360544218	0.535714286	764	22	1	0	0	C2
33	1	0	0	33	0	0	1	335	98	1.020408163	0.909090909	151	15	1	0	1	C1
63	5	0	0	6	0	0	5	278	206	2.427184466	0.476190476	161	25	0	0	0	C3
78	4	0	2	0	1	0	4	219	190	2.105263158	0.384615385	89	10	1	0	1	C1
24	2	0	0	0	0	0	2	69	57	3.50877193	1.25	28	25	0	0	0	C3
102	15	0	13	0	0	0	15	465	375	4	0.294117647	257	27	1	1	1	C3
1135	91	0	38	453	8	9	82	6931	3183	2.858938109	0.026431718	63	26	3	1	0	C3
134	16	0	13	38	0	0	16	792	430	3.720930233	0.223880597	0	31	1	1	1	C4
70	3	0	0	0	0	0	3	174	156	1.923076923	0.428571429	0	29	1	1	1	C3
119	12	13	9	3	0	4	8	538	449	2.672605791	0.25210084	343	17	1	1	1	C1
202	30	0	46	0	0	0	30	710	530	5.660377358	0.148514851	0	20	1	1	0	C2
286	7	0	0	66	0	3	4	1102	601	1.164725458	0.104895105	169	18	1	1	1	C1
167	23	0	0	104	2	18	5	1309	451	5.099778271	0.179640719	0	20	1	1	0	C2
152	4	0	0	0	0	0	4	405	381	1.049868766	0.197368421	0	18	1	1	1	C1
81	7	0	5	9	0	0	7	409	304	2.302631579	0.37037037	690	20	0	1	1	C2
75	15	0	0	16	0	0	15	534	332	4.518072289	0.4	18	18	1	1	0	C1
170	65	0	19	28	0	0	65	1044	458	14.19213974	0.176470588	1067	22	1	1	0	C2
36	25	0	0	0	0	0	25	237	87	28.73563218	0.833333333	1067	22	1	1	0	C2
67	5	0	1	5	0	0	5	248	183	2.732240437	0.447761194	139	23	1	1	0	C2
104	33	0	10	10	0	0	33	625	357	9.243697479	0.288461538	185	19	1	1	1	C1
126	14	0	14	94	0	0	14	1149	407	3.43980344	0.238095238	1250	25	1	1	1	C3
319	54	31	48	11	0	8	46	1290	897	6.02006689	0.094043887	1250	25	1	1	1	C3
174	2	17	10	0	0	2	0	419	409	0.488997555	0.172413793	45	16	1	1	1	C1
172	64	0	12	458	0	0	64	4054	464	13.79310345	0.174418605	109	19	1	1	0	C1
265	16	32	0	2	0	0	16	778	668	2.395209581	0.113207547	0	32	1	1	0	C4
173	42	0	0	0	0	1	41	758	507	8.284023669	0.173410405	0	32	1	1	0	C4
147	12	6	20	18	2	3	9	644	439	2.733485194	0.204081633	0	20	0	0	0	C2
117	6	13	3	3	3	2	4	390	320	1.875	0.256410256	0	20	0	0	0	C2
365	24	0	35	98	0	6	18	1846	1022	2.348336595	0.082191781	146	12	1	1	0	C1
110	39	0	9	50	1	2	37	1039	452	8.628318584	0.272727273	144	20	1	1	0	C2
77	27	20	0	4	3	1	26	489	285	9.473684211	0.38961039	36	29	1	1	0	C3
307	18	2	0	92	0	0	18	1639	887	2.029312289	0.09771987	0	10	0	0	0	C1
229	58	0	13	14	0	3	55	1017	574	10.10452962	0.131004367	28	29	3	0	0	C3
58	2	29	0	4	0	0	2	222	182	1.098901099	0.517241379	378	50	1	1	0	C4
87	49	25	0	10	0	0	49	792	428	11.44859813	0.344827586	378	25	1	1	0	C3
45	1	0	0	69	0	0	1	607	118	0.847457627	0.666666667	138	46	0	0	0	C4
219	13	0	57	167	2	2	11	1875	620	2.096774194	0.136986301	0	21	1	1	0	C2
95	6	0	6	2	0	0	6	282	232	2.586206897	0.315789474	153	22	3	1	1	C2
67	2	0	0	0	0	2	0	145	135	1.481481481	0.447761194	134	20	0	1	0	C2
129	4	0	27	58	1	2	2	813	380	1.052631579	0.23255814	163	24	0	0	0	C2
47	6	0	10	15	1	1	5	325	180	3.333333333	0.638297872	0	24	1	1	1	C2
116	10	0	3	0	0	8	2	404	352	2.840909091	0.25862069	0	50	0	0	0	C4
193	270	0	16	49	0	2	268	2628	667	40.47976012	0.155440415	173	12	0	1	1	C1
107	5	0	0	0	0	1	4	526	497	1.006036217	0.280373832	122	37	1	1	0	C4
144	6	0	11	23	1	1	5	678	477	1.257861635	0.208333333	223	21	0	0	0	C2
175	16	0	0	30	0	0	16	741	435	3.67816092	0.171428571	0	17	1	1	0	C1
172	114	0	4	0	1	0	114	1505	816	13.97058824	0.174418605	0	17	1	1	0	C1
205	10	23	21	5	0	3	7	623	531	1.883239171	0.146341463	0	30	0	1	0	C4
143	51	0	0	22	1	1	50	909	445	11.46067416	0.20979021	114	21	1	1	0	C2
193	11	0	24	0	0	3	8	456	393	2.798982188	0.155440415	0	13	1	1	1	C1
195	22	0	42	3	2	0	22	727	564	3.90070922	0.153846154	472	24	0	1	1	C2
44	10	0	0	0	0	0	10	212	152	6.578947368	0.681818182	156	25	1	1	0	C3
189	12	0	0	0	0	3	9	629	560	2.142857143	0.158730159	384	27	1	0	0	C3
102	15	0	13	0	0	0	15	465	375	4	0.294117647	257	27	1	1	1	C3
1135	91	0	38	453	8	9	82	6931	3183	2.858938109	0.026431718	63	26	3	1	0	C3
134	16	0	13	38	0	0	16	792	430	3.720930233	0.223880597	0	31	1	1	1	C4
70	3	0	0	0	0	0	3	174	156	1.923076923	0.428571429	0	29	1	1	1	C3
231	5	3	0	5	0	1	4	601	537	0.931098696	0.12987013	343	17	1	1	1	C1
202	30	0	46	0	0	0	30	710	530	5.660377358	0.148514851	0	20	1	1	0	C2
286	7	0	0	66	0	3	4	1102	601	1.164725458	0.104895105	169	18	1	1	1	C1
167	23	0	0	104	2	18	5	1309	451	5.099778271	0.179640719	0	20	1	1	0	C2
152	4	0	0	0	0	0	4	405	381	1.049868766	0.197368421	0	18	1	1	1	C1
63	47	0	4	0	0	0	47	561	279	16.84587814	0.476190476	690	20	0	1	1	C2
165	15	0	22	48	0	0	15	906	480	3.125	0.181818182	18	18	1	1	0	C1
170	65	0	19	28	0	0	65	1044	458	14.19213974	0.176470588	1067	22	1	1	0	C2
36	25	0	0	0	0	0	25	237	87	28.73563218	0.833333333	1067	22	1	1	0	C2
67	5	0	1	5	0	0	5	248	183	2.732240437	0.447761194	139	38	1	1	0	C4
104	33	0	10	10	0	0	33	625	357	9.243697479	0.288461538	185	19	1	1	1	C1
88	11	53	0	3	1	0	11	328	236	4.661016949	0.340909091	1250	25	1	1	1	C3
319	54	31	48	11	0	8	46	1290	897	6.02006689	0.094043887	1250	25	1	1	1	C3
174	2	17	10	0	0	2	0	419	409	0.488997555	0.172413793	45	16	1	1	1	C1
172	64	0	12	458	0	0	64	4054	464	13.79310345	0.174418605	109	19	1	1	0	C1
265	16	7	0	2	0	0	16	778	668	2.395209581	0.113207547	0	32	1	1	0	C4
173	42	0	0	0	0	1	41	758	507	8.284023669	0.173410405	0	32	1	1	0	C4
147	12	6	20	18	2	3	9	644	439	2.733485194	0.204081633	0	20	0	0	0	C2
117	6	13	3	3	3	2	4	390	320	1.875	0.256410256	0	20	0	0	0	C2
365	24	0	35	98	0	6	18	1846	1022	2.348336595	0.082191781	146	12	1	1	0	C1
110	39	0	9	50	1	2	37	1039	452	8.628318584	0.272727273	144	20	1	1	0	C2
77	27	20	0	4	3	1	26	489	285	9.473684211	0.38961039	36	29	1	1	0	C3
307	18	2	0	92	0	0	18	1639	887	2.029312289	0.09771987	0	10	0	0	0	C1
229	58	0	13	14	0	3	55	1017	574	10.10452962	0.131004367	28	29	3	0	0	C3
58	2	29	0	4	0	0	2	222	182	1.098901099	0.517241379	378	50	1	1	0	C4
87	49	25	0	10	0	0	49	792	428	11.44859813	0.344827586	378	25	1	1	0	C3
45	1	0	0	69	0	0	1	607	118	0.847457627	0.666666667	138	46	0	0	0	C4
219	13	0	57	167	2	2	11	1875	620	2.096774194	0.136986301	0	21	1	1	0	C2
95	6	0	6	2	0	0	6	282	232	2.586206897	0.315789474	153	22	3	1	1	C2
67	2	0	0	0	0	2	0	145	135	1.481481481	0.447761194	134	20	0	1	0	C2
129	4	0	27	58	1	2	2	813	380	1.052631579	0.23255814	163	24	0	0	0	C2
15	12	0	0	25	0	0	12	311	64	18.75	2	0	24	1	1	1	C2
116	10	9	3	0	0	8	2	404	352	2.840909091	0.25862069	0	50	0	0	0	C4
193	270	0	16	49	0	2	268	2628	667	40.47976012	0.155440415	173	12	0	1	1	C1
107	5	15	0	0	0	1	4	526	497	1.006036217	0.280373832	122	37	1	1	0	C4
144	6	0	11	23	1	1	5	678	477	1.257861635	0.208333333	223	21	0	0	0	C2
175	16	0	0	30	0	0	16	741	435	3.67816092	0.171428571	0	17	1	1	0	C1
172	114	0	4	0	1	0	114	1505	816	13.97058824	0.174418605	0	17	1	1	0	C1
313	3	6	19	8	0	0	3	783	709	0.423131171	0.095846645	0	30	0	1	0	C4
143	51	0	0	22	1	1	50	909	445	11.46067416	0.20979021	114	21	1	1	0	C2
193	11	0	24	0	0	3	8	456	393	2.798982188	0.155440415	0	13	1	1	1	C1
195	22	0	42	3	2	0	22	727	564	3.90070922	0.153846154	472	24	0	1	1	C2
44	10	0	0	0	0	0	10	212	152	6.578947368	0.681818182	156	25	1	1	0	C3
189	12	0	0	0	0	3	9	629	560	2.142857143	0.158730159	384	27	1	0	0	C3
